Script started on Thu 25 Aug 2016 07:13:48 PM CDT
johcemb@cs8:~$ grep /majors/ /etc/passwd | cut -d":" -f5 | cut -d"+" -f2 | sort
121619
122180
123278
124778
125132
125657
133383
161364
169307
174869
183265
186324
187350
193084
193169
194230
196353
197712
198697
201505
201942
202788
203086
204839
205469
205544
205939
205961
206023
206668
206701
207215
207250
207419
207424
207518
207595
207906
208213
208274
208362
209081
209151
209265
209523
209612
209650
209685
210176
210255
210839
211076
211130
211214
211411
211531
211685
211861
212101
212134
212190
212204
212205
212252
212436
212469
212922
213438
213549
213569
213753
213960
214027
214193
214229
214278
214364
214389
214441
214513
214533
214568
214610
214696
215055
215072
215092
215120
215345
215349
215387
215445
215783
215861
215932
216013
216021
216112
216197
216267
216411
216641
216647
216822
216824
216921
216965
216968
216978
216985
216993
217028
217042
217114
217135
217185
217284
217289
217432
217457
217498
217544
217552
217658
217680
217731
217760
218033
218034
218037
218038
218041
218043
218090
218105
218171
218186
218259
218280
218287
218293
218296
218301
218367
218378
218380
218381
218485
218515
218519
218576
218626
218629
218631
218634
218639
218675
218701
218728
218752
218854
218855
218863
218913
218915
218933
218943
218968
218989
219013
219014
219105
219116
219223
219225
219237
219260
219268
219274
219280
219281
219282
219329
219337
219350
219360
219379
219424
219482
219483
219578
219592
219647
219694
219716
219724
219728
219734
219774
219777
219813
219895
219908
219937
219949
220017
220020
220039
220095
220144
220177
220228
220301
220315
220320
220328
220337
220345
220375
220599
220766
220782
220809
220825
220879
220881
220966
220978
220980
220990
220991
221023
221026
221037
221056
221070
221071
221084
221087
221115
221116
221121
221124
221144
221155
221158
221164
221166
221169
221172
221175
221183
221223
221224
221225
221226
221238
221240
221251
221259
221263
221264
221269
221285
221286
221294
221295
221306
221314
221315
221318
221319
221325
221327
221391
221410
221418
221460
221467
221469
221488
221505
221507
221591
221599
221741
221747
221748
221757
221759
221825
221926
221946
221964
221967
221970
222004
222018
222060
222068
222071
222077
222079
222082
222085
222088
222114
222116
222120
222206
222209
222213
222224
222271
222304
222317
222364
222397
222400
222424
222442
222443
222446
222469
222473
222500
222563
222579
222584
222590
222591
222599
222623
222624
222633
222636
222741
222755
222802
222811
222817
222886
222901
222906
222916
222930
222951
222955
222974
223005
223083
223084
223085
223101
223106
223112
223164
223169
223173
223191
223195
223217
223303
226112
227756
227830
227983
228287
228358
228878
230377
cbc000
mkt000
rferd00
johcemb@cs8:~$ exit
exit

Script done on Thu 25 Aug 2016 07:14:31 PM CDT
